# Created by Octave 7.2.0, Sun Dec 25 20:54:33 2022 GMT <unknown@DGTN0113H>
# name: M
# type: matrix
# rows: 1
# columns: 0



# name: T
# type: matrix
# ndims: 3
 2 3 32
 NaN
 NaN
 NaN
 NaN
 NaN
 NaN
 NaN
 NaN
 NaN
 NaN
 NaN
 NaN
 NaN
 NaN
 NaN
 NaN
 NaN
 NaN
 NaN
 NaN
 NaN
 NaN
 NaN
 NaN
 NaN
 NaN
 NaN
 NaN
 NaN
 NaN
 NaN
 NaN
 NaN
 NaN
 NaN
 NaN
 NaN
 NaN
 NaN
 NaN
 NaN
 NaN
 NaN
 NaN
 NaN
 NaN
 NaN
 NaN
 NaN
 NaN
 NaN
 NaN
 NaN
 NaN
 NaN
 NaN
 NaN
 NaN
 NaN
 NaN
 0
 0
 0
 0
 0
 0
 0
 0
 0
 0
 0
 0
 0
 0
 0
 0
 0
 0
 0
 0
 0
 0
 0
 0
 0
 0
 0
 0
 0
 0
 0
 0
 0
 0
 0
 0
 0
 0
 0
 0
 0
 0
 0
 0
 0
 0
 0
 0
 0
 0
 0
 0
 0
 0
 0
 0
 0
 0
 0
 0
 0
 0
 0
 0
 0
 0
 0
 0
 0
 0
 0
 0
 0
 0
 0
 0
 0
 0
 0
 0
 0
 0
 0
 0
 0
 0
 0
 0
 0
 0
 0
 0
 0
 0
 0
 0
 0
 0
 0
 0
 0
 0
 0
 0
 0
 0
 0
 0
 0
 0
 0
 0
 0
 0
 0
 0
 0
 0
 0
 0
 0
 0
 0
 0
 0
 0
 0
 0
 0
 0
 0
 0


# name: ans
# type: struct
# ndims: 2
 1 0
# length: 3
# name: x
# type: cell
# rows: 1
# columns: 0


# name: y
# type: cell
# rows: 1
# columns: 0


# name: s
# type: cell
# rows: 1
# columns: 0




# name: i
# type: scalar
11


# name: i1
# type: scalar
1


# name: i2
# type: scalar
2


# name: m
# type: scalar
32


# name: mark_dist
# type: scalar
2.3999999999999999


# name: n
# type: scalar
32


# name: nm
# type: scalar
3


# name: p1
# type: struct
# ndims: 2
 1 32
# length: 3
# name: x
# type: cell
# rows: 1
# columns: 32
# name: <cell-element>
# type: scalar
0



# name: <cell-element>
# type: scalar
5



# name: <cell-element>
# type: scalar
10



# name: <cell-element>
# type: scalar
15



# name: <cell-element>
# type: scalar
20



# name: <cell-element>
# type: scalar
25



# name: <cell-element>
# type: scalar
30



# name: <cell-element>
# type: scalar
35



# name: <cell-element>
# type: scalar
39.829629131445344



# name: <cell-element>
# type: scalar
44.159756150367542



# name: <cell-element>
# type: scalar
47.695290056300287



# name: <cell-element>
# type: scalar
50.195290056300294



# name: <cell-element>
# type: scalar
51.489385281812901



# name: <cell-element>
# type: scalar
51.489385281812901



# name: <cell-element>
# type: scalar
51.489385281812901



# name: <cell-element>
# type: scalar
51.489385281812901



# name: <cell-element>
# type: scalar
51.489385281812901



# name: <cell-element>
# type: scalar
51.489385281812901



# name: <cell-element>
# type: scalar
51.489385281812901



# name: <cell-element>
# type: scalar
51.489385281812901



# name: <cell-element>
# type: scalar
50.195290056300294



# name: <cell-element>
# type: scalar
47.695290056300294



# name: <cell-element>
# type: scalar
44.159756150367556



# name: <cell-element>
# type: scalar
39.829629131445365



# name: <cell-element>
# type: scalar
35.000000000000028



# name: <cell-element>
# type: scalar
30.000000000000032



# name: <cell-element>
# type: scalar
25.000000000000036



# name: <cell-element>
# type: scalar
20.000000000000039



# name: <cell-element>
# type: scalar
15.000000000000043



# name: <cell-element>
# type: scalar
10.000000000000046



# name: <cell-element>
# type: scalar
5.0000000000000497



# name: <cell-element>
# type: scalar
5.3290705182007514e-14





# name: y
# type: cell
# rows: 1
# columns: 32
# name: <cell-element>
# type: scalar
0



# name: <cell-element>
# type: scalar
0



# name: <cell-element>
# type: scalar
0



# name: <cell-element>
# type: scalar
0



# name: <cell-element>
# type: scalar
0



# name: <cell-element>
# type: scalar
0



# name: <cell-element>
# type: scalar
0



# name: <cell-element>
# type: scalar
0



# name: <cell-element>
# type: scalar
1.2940952255126037



# name: <cell-element>
# type: scalar
3.7940952255126046



# name: <cell-element>
# type: scalar
7.3296291314453441



# name: <cell-element>
# type: scalar
11.659756150367542



# name: <cell-element>
# type: scalar
16.48938528181289



# name: <cell-element>
# type: scalar
21.489385281812897



# name: <cell-element>
# type: scalar
26.489385281812904



# name: <cell-element>
# type: scalar
31.489385281812911



# name: <cell-element>
# type: scalar
36.489385281812915



# name: <cell-element>
# type: scalar
41.489385281812915



# name: <cell-element>
# type: scalar
46.489385281812915



# name: <cell-element>
# type: scalar
51.489385281812915



# name: <cell-element>
# type: scalar
56.319014413258259



# name: <cell-element>
# type: scalar
60.649141432180457



# name: <cell-element>
# type: scalar
64.184675338113195



# name: <cell-element>
# type: scalar
66.684675338113195



# name: <cell-element>
# type: scalar
67.978770563625801



# name: <cell-element>
# type: scalar
67.978770563625801



# name: <cell-element>
# type: scalar
67.978770563625801



# name: <cell-element>
# type: scalar
67.978770563625801



# name: <cell-element>
# type: scalar
67.978770563625801



# name: <cell-element>
# type: scalar
67.978770563625801



# name: <cell-element>
# type: scalar
67.978770563625801



# name: <cell-element>
# type: scalar
67.978770563625801





# name: s
# type: cell
# rows: 1
# columns: 32
# name: <cell-element>
# type: scalar
0



# name: <cell-element>
# type: scalar
5



# name: <cell-element>
# type: scalar
10



# name: <cell-element>
# type: scalar
15



# name: <cell-element>
# type: scalar
20



# name: <cell-element>
# type: scalar
25



# name: <cell-element>
# type: scalar
30



# name: <cell-element>
# type: scalar
35



# name: <cell-element>
# type: scalar
40



# name: <cell-element>
# type: scalar
45.000000000000007



# name: <cell-element>
# type: scalar
50.000000000000014



# name: <cell-element>
# type: scalar
55.000000000000021



# name: <cell-element>
# type: scalar
60.000000000000028



# name: <cell-element>
# type: scalar
65.000000000000028



# name: <cell-element>
# type: scalar
70.000000000000028



# name: <cell-element>
# type: scalar
75.000000000000028



# name: <cell-element>
# type: scalar
80.000000000000028



# name: <cell-element>
# type: scalar
85.000000000000028



# name: <cell-element>
# type: scalar
90.000000000000028



# name: <cell-element>
# type: scalar
95.000000000000028



# name: <cell-element>
# type: scalar
100.00000000000003



# name: <cell-element>
# type: scalar
105.00000000000003



# name: <cell-element>
# type: scalar
110.00000000000003



# name: <cell-element>
# type: scalar
115.00000000000003



# name: <cell-element>
# type: scalar
120.00000000000003



# name: <cell-element>
# type: scalar
125.00000000000003



# name: <cell-element>
# type: scalar
130.00000000000003



# name: <cell-element>
# type: scalar
135.00000000000003



# name: <cell-element>
# type: scalar
140.00000000000003



# name: <cell-element>
# type: scalar
145.00000000000003



# name: <cell-element>
# type: scalar
150.00000000000003



# name: <cell-element>
# type: scalar
155.00000000000003







# name: p2
# type: struct
# ndims: 2
 1 32
# length: 3
# name: x
# type: cell
# rows: 1
# columns: 32
# name: <cell-element>
# type: scalar
NaN



# name: <cell-element>
# type: scalar
NaN



# name: <cell-element>
# type: scalar
NaN



# name: <cell-element>
# type: scalar
NaN



# name: <cell-element>
# type: scalar
NaN



# name: <cell-element>
# type: scalar
NaN



# name: <cell-element>
# type: scalar
NaN



# name: <cell-element>
# type: scalar
NaN



# name: <cell-element>
# type: scalar
NaN



# name: <cell-element>
# type: scalar
NaN



# name: <cell-element>
# type: scalar
9.6649249200161798



# name: <cell-element>
# type: scalar
14.545238265282974



# name: <cell-element>
# type: scalar
19.386204451083348



# name: <cell-element>
# type: scalar
24.295797677883357



# name: <cell-element>
# type: scalar
29.29806661159234



# name: <cell-element>
# type: scalar
34.212689145019191



# name: <cell-element>
# type: scalar
39.040000631581812



# name: <cell-element>
# type: scalar
43.497491570171626



# name: <cell-element>
# type: scalar
47.118409774267121



